66 · .

666 66666 666666 6666666666 66666666 5st, 666 6 666
666666 666 66 6666666 66 666 6666666 6666666 666666 666 6666666
666666666666666. 6666 6666666666 66666666 666 6666666666
ἱ666666 666666666666666, 66666666 36666 6666666 ’.666666 -
666666666666 6666666666, 66666666 666 6666666666 6666
6666666666 66666666 6666666666 6666666 66666666 66 66666
666666 666 ’66666666 6666 666 6666666666 66666666 666
6666666666666,6666666666666’6;6666666666666666666666 ἰ
666 6666666666 666666666666 6666666666 6666666666
666666666666666666 ; 666 6666666666 6666666666 (66·
“ 6666666666 666. 6666666666 6666 ’6666666666 6666666666
666666, 6666 66666 6666 6666666666666 6666, 6666666 6666 ”
666-6666666 6666 6666666666, 666 666 66666 (6666 66 666
6666,- -666 6 66 666 666666666666 6666666666 666 .
66666666.

Qud), 666666 ’666666 666 66666, 66666666 66666 666 666 6666
666666 6666 66666666 666 66 666 6666666666666666666 666666 666
6666666666 &tab 66666. 66666 66666· 66 666 66666 6666 66
6666666 6666666666 6666666666 66666666. &dm 666
66 6666666666 66666666 6666666 666666 666. 6666666666
666666666666 666666666666 6666666666, 666 - 66666
666666 666 6666- Ι6666 ῧ66666666666 66666666 6666 6666
666666 66666666 666 -66666666666 666 6666666666666 666
66666666 666 6666666666 66 666666 6666 66666666 666666 66
66666666666666 Diem 66666666666666 6666666 66666666
66666 66 6666, 66 66666 6. 66666666 66666666 66 6666666666
6666666 6666666666. 666 66666666 6666666666 6666·
6666, 666666 66666666 666666666666 66 6666666666 66666666 .
66666666666666666666. 666 66 66 666666 6666666666 6666

66666666 666 6666666666 6666666 66666666666666

 

